$ 1 0.000005 18.278915558614752 49 5 50
165 208 144 320 144 4 11.999999828564718
w 208 176 208 272 0
w 208 176 176 176 0
w 208 240 160 240 0
w 176 176 176 272 0
c 176 272 176 320 0 0.000047 1.575239097932429
g 176 320 176 336 0
r 176 176 176 112 0 22000
w 176 112 272 112 0
r 112 112 112 240 0 10000
w 160 112 176 112 0
c 96 240 48 240 0 0.000009999999999999999 8.19266975145818
g 304 304 304 320 0
w 272 112 336 112 0
w 336 112 336 176 0
d 416 208 368 208 2 default
d 416 240 368 240 2 default
w 416 240 416 208 0
r 416 208 416 144 0 10000
t 512 208 544 208 0 1 0.5935257294635808 0.659827913113587 100
g 544 224 544 256 0
162 544 128 544 192 2 default-led 1 0 0 0.01
r 544 128 544 80 0 1000
R 544 80 544 32 0 0 40 12 0 0 0.5
w 336 208 368 208 0
w 368 240 368 400 0
w 368 400 48 400 0
c 0 240 0 304 0 0.000009999999999999999 4.401298599447476
w 0 240 48 240 0
w 48 400 48 272 0
g 0 304 0 336 0
t -80 272 -48 272 0 1 -4.2819285075375175 0.1193700919099589 100
r 0 240 0 176 0 10000
R 0 0 0 -64 0 0 40 12 0 0 0.5
w 0 240 -48 240 0
w -48 240 -48 256 0
g -48 288 -48 336 0
r -80 272 -144 272 0 10000
w 0 176 0 64 0
w 0 64 272 64 0
w 272 64 272 112 0
w 272 64 416 64 0
w 416 64 416 144 0
370 0 0 0 64 1 0
d 416 208 480 208 2 default
r 48 272 112 272 0 100000
w 112 272 112 240 0
s -192 272 -144 272 0 1 false
d -288 272 -240 272 2 default
v -352 336 -352 272 0 1 50 12 0 0 0.5
d -288 336 -240 336 2 default
w -240 336 -240 272 0
w -240 272 -192 272 0
w -288 272 -352 272 0
w -288 336 -352 336 0
d -288 368 -288 336 2 default
d -288 304 -288 272 2 default
w -288 304 -320 304 0
w -320 304 -320 384 0
w -288 368 -288 384 0
w -288 384 -320 384 0
g -320 384 -320 416 0
d 160 240 160 112 2 1N4148
w 160 112 128 112 0
d 480 208 512 208 2 default
w 48 272 48 240 0
w 96 240 112 240 0
r 160 240 112 240 0 10000
w 112 112 128 112 0
o 24 128 0 4099 20 0.8 0 4 24 3 5 0 5 3
h 2 7 5
