$ 1 0.000005 11.086722712598126 50 5 50
w 192 32 272 32 0
r 192 32 192 160 0 10000
r 272 32 272 160 0 33000
r 432 32 432 160 0 33000
c 192 160 272 160 0 0.000047 11.384352664640367
w 432 160 432 224 0
t 352 240 432 240 0 1 0.5635850474199662 0.6143483611566909 100
w 272 160 352 240 0
w 352 160 272 240 0
t 272 240 192 240 0 1 -11.94793770886128 0.050763316935777805 200
w 192 160 192 224 0
r 352 160 432 160 0 33000
w 128 32 192 32 0
w 272 32 432 32 0
R 128 -64 128 -112 0 0 40 12 0 0 0.5
g 192 256 192 304 0
g 432 256 432 304 0
x 444 247 465 250 4 16 Q1
w 432 160 496 160 0
d 560 160 496 160 2 default
370 128 -64 128 32 1 0
r 560 160 560 32 0 10000
w 432 32 560 32 0
d 560 192 496 192 2 default
w 560 192 560 160 0
w 640 160 688 160 0
c 128 240 64 240 0 1e-7 -11.657902469800264
g -304 384 -304 416 0
w -272 384 -304 384 0
w -272 368 -272 384 0
w -304 304 -304 384 0
w -272 304 -304 304 0
d -272 304 -272 272 2 default
d -272 368 -272 336 2 default
w -272 336 -336 336 0
w -272 272 -336 272 0
w -224 272 -176 272 0
w -224 336 -224 272 0
d -272 336 -224 336 2 default
v -336 336 -336 272 0 0 50 12 0 0 0.5
d -272 272 -224 272 2 default
s -176 272 -128 272 0 1 false
w 16 176 16 32 0
r -64 272 -128 272 0 10000
g -32 288 -32 336 0
w -32 240 -32 256 0
w 16 240 -32 240 0
r 16 240 16 176 0 10000
t -64 272 -32 272 0 1 -11.998285635696964 1.99999999845351e-9 100
g 16 304 16 336 0
w 16 240 64 240 0
c 16 240 16 304 0 0.000009999999999999999 11.998285637696965
w 128 32 16 32 0
w 64 288 64 240 0
w 128 240 128 288 0
w 496 192 496 384 0
w 496 384 64 384 0
w 64 384 64 288 0
d 352 240 352 336 2 default
w 288 336 128 336 0
w 128 336 128 288 0
r 352 336 352 416 0 10000
g 352 416 352 448 0
t 688 160 736 160 0 1 -11.747276159141528 0.25270056394546303 150
162 944 192 944 256 2 default-led 1 0 0 0.01
R 896 64 896 16 0 0 40 12 0 0 0.5
g 736 176 736 224 0
r 288 336 352 336 0 1
r 896 64 896 144 0 10000
g 944 320 944 352 0
w 944 192 944 160 0
R 944 128 944 64 0 0 40 12 0 0 0.5
r -128 272 -128 336 0 10000
g -128 336 -128 352 0
r 640 160 640 224 0 10000
g 640 224 640 256 0
r 944 256 944 320 0 1000
r 560 160 640 160 0 10000
w 944 160 1008 160 0
r 1008 160 1008 320 0 8
g 1008 320 1008 352 0
f 896 144 944 144 33 1.5 0.02
c 688 160 688 240 0 0.000001 0.25270056394546303
g 688 240 688 256 0
x 761 -13 1104 -10 4 18 VGS\s\q\s\p-20\sV\smaximum\s-->\svoltage\sdivider
r 736 144 800 144 0 3300
w 800 144 896 144 0
o 25 256 0 4099 2.5 0.00009765625 0 2 25 3
o 18 256 0 4099 0.3125 0.0015625 1 2 18 3
