$ 1 0.000005 8.281975887399955 50 5 50
w 192 32 272 32 0
r 192 32 192 160 0 10000
r 272 32 272 160 0 33000
r 432 32 432 160 0 33000
c 192 160 272 160 0 0.000047 18.300879283268095
w 432 160 432 224 0
t 352 240 432 240 0 1 -24.536986307544673 -18.23055242899363 100
w 272 160 352 240 0
w 352 160 272 240 0
t 272 240 192 240 0 1 0.5481982704303651 0.6185251247048311 200
w 192 160 192 224 0
r 352 160 432 160 0 33000
w 128 32 192 32 0
w 272 32 432 32 0
R 128 -64 128 -112 0 0 40 12 0 0 0.5
g 192 256 192 304 0
g 432 256 432 304 0
x 444 247 465 250 4 16 Q1
w 432 160 496 160 0
d 560 160 496 160 2 default
370 128 -64 128 32 1 0
r 560 160 560 32 0 33000
w 432 32 560 32 0
d 560 192 496 192 2 default
w 560 192 560 160 0
w 560 160 624 160 0
c 128 240 64 240 0 1e-7 -17.43899131460673
g -304 384 -304 416 0
w -272 384 -304 384 0
w -272 368 -272 384 0
w -304 304 -304 384 0
w -272 304 -304 304 0
d -272 304 -272 272 2 default
d -272 368 -272 336 2 default
w -272 336 -336 336 0
w -272 272 -336 272 0
w -224 272 -176 272 0
w -224 336 -224 272 0
d -272 336 -224 336 2 default
v -336 336 -336 272 0 1 50 12 0 0 0.5
d -272 272 -224 272 2 default
s -176 272 -128 272 0 1 false
w 16 176 16 32 0
r -64 272 -128 272 0 10000
g -32 288 -32 336 0
w -32 240 -32 256 0
w 16 240 -32 240 0
r 16 240 16 176 0 10000
t -64 272 -32 272 0 1 -17.264055485269804 0.119370024199905 100
g 16 304 16 336 0
w 16 240 64 240 0
c 16 240 16 304 0 0.000009999999999999999 17.38342550946971
w 128 32 16 32 0
w 64 288 64 240 0
w 128 240 128 288 0
w 496 192 496 384 0
w 496 384 64 384 0
w 64 384 64 288 0
d 352 240 352 336 2 default
w 288 336 128 336 0
w 128 336 128 288 0
r 352 336 352 416 0 10000
g 352 416 352 448 0
d 624 160 672 160 2 default
d 672 160 720 160 2 default
t 720 160 736 160 0 1 0.5329140725818293 0.6767897575714891 100
162 848 192 848 256 2 default-led 1 0 0 0.01
R 736 64 736 16 0 0 40 12 0 0 0.5
g 736 176 736 224 0
r 288 336 352 336 0 1
r 736 64 736 144 0 1000
t 800 144 848 144 0 -1 8.938449461078417 -0.7768835782765606 100
g 848 256 848 288 0
w 848 192 848 160 0
R 848 128 848 64 0 0 40 12 0 0 0.5
r 800 144 736 144 0 1000
o 25 256 0 4099 5 0.000390625 0 2 25 3
o 18 256 0 4099 10 0.0015625 1 2 18 3
